28 15
44 8 69 6 58 21 75 23 54 42 30 71 24 52 63 
6 38 81 46 33 74 10 62 71 84 85 49 51 52 69 
58 26 19 47 66 48 11 17 9 71 45 13 45 52 38 
17 40 37 38 42 8 37 53 6 16 84 12 81 57 24 
12 58 19 36 43 28 28 38 62 58 8 27 78 56 53 
42 75 76 83 24 43 14 43 18 11 77 80 64 22 33 
30 8 59 59 84 61 45 29 5 25 84 29 83 58 16 
71 24 52 53 81 56 61 58 85 79 54 5 62 70 54 
21 67 36 73 76 3 64 20 23 64 57 23 68 60 40 
75 66 70 39 48 2 41 46 70 79 26 53 85 46 36 
41 5 82 77 75 82 75 54 73 9 60 3 1 82 43 
6 2 76 82 1 11 42 76 24 29 60 14 59 5 22 
9 55 14 48 7 69 65 29 12 22 34 40 54 80 11 
49 73 40 63 61 75 12 43 6 40 3 37 42 14 2 
70 71 59 72 65 58 23 69 34 33 52 35 85 40 70 
38 17 68 83 62 27 36 58 9 80 47 28 9 72 38 
54 43 60 60 55 23 72 83 8 43 15 12 48 33 6 
29 78 78 47 74 32 42 12 9 26 18 78 55 44 62 
20 60 16 45 50 32 60 79 51 3 83 71 61 6 65 
26 49 23 39 77 57 49 3 13 24 76 62 81 8 52 
37 69 83 49 23 75 48 75 0 51 82 42 26 77 60 
20 26 84 16 50 78 23 19 15 27 78 35 77 61 13 
28 25 81 15 85 25 31 43 73 63 12 73 35 1 28 
15 5 16 65 5 20 43 54 16 1 47 83 60 77 26 
0 79 46 0 21 24 84 18 65 64 73 9 2 3 12 
25 20 38 72 5 4 1 60 33 80 5 1 1 14 25 
67 29 19 52 74 52 2 44 23 54 59 9 5 50 7 
28 2 6 7 57 21 39 44 85 16 52 84 51 29 41 